
62 7 52 26 33 78 103 76 5 51 96 9 24 84 97 104 60 100 87 45 53 22 90 28 43 92 44 75 101 93 66 12 102 15
91 105 58 17 36 13 94 85 57 86 63 64 21 99 31 48 77 11 67 83 8 40 88 54 69 14
65 73 42 61 38 41 16 39 59 70 95 4 80 50 55 47 20 23 32 81 89 10 35 6 30 98
59 3 30 23 42 20 65 10 95 35 89 70 16 61 39 81 38 98 32 80 68 55 47 6 73 50
103 53 51 15 44 45 96 87 78 1 104 60 22 92 33 101 52 24 102 76 62 100 12 26 90
98 80 39 59 30 50 42 55 65 23 4 70 38 61 81 73 35 3 89 32
1 26 101 97 92 103 9 52 104 22 12 102 37 19 62 79 53 78 33 84 90 25 93 28 56 75 66 24
105 21 69 17 86 88 91 40 67 36 64 48 41 31 14 54 85 83 18 94 2 77 58
87 1 43 93 26 79 90 103 76 53 19 62 24 71 97 102 37 7 66 12 28 46 56 84 60 27 104 25 92 101 78 75
18 38 95 30 73 41 3 35 16 4 42 23 55 68 86 20 89 98 32 59
85 72 74 21 58 83 2 14 31 40 34 99 94 71 54 67 97 29 27 66 63 57 77 49 46 13
28 100 26 43 7 15 75 62 102 93 19 24 33 53 87 9 37 44 103 46 45 78 66 52 92 104 60 51 79 76 90 1 56 101 5 25 84 97
64 2 105 14 83 21 11 69 31 48 57 77 94 58 49 99 17 34 74 63 40 85 67 54
27 86 48 2 8 37 67 36 19 91 13 83 18 17 21 71 99 58 11 88 79 77 49 85 54
76 103 101 51 33 1 44 92 12 45 87 5 82 90 29 104 52 102 43 93 28 96 60 53 62 100 24 22 97 26
80 55 89 98 59 23 42 61 41 35 95 32 47 20 4 65 3 18 10 38 68 30 73
48 86 77 13 85 21 2 105 99 54 63 8 67 83 69 36 88 57 58 64 40 94 14 91 31
36 41 48 58 35 20 56 27 10 89 16 59 68 91 86 8 88 95 73 32 14
84 101 25 97 71 9 37 7 24 104 14 66 78 46 75 49 79 27 90 12 56
4 35 30 89 95 68 16 23 42 41 32 98 73 59 55 18 3 47 86 61 10 38
11 85 14 2 88 13 58 69 36 74 94 77 8 63 64 34 57 99 17 48 40 105 83 49 67 31 71 54
5 90 33 45 51 96 100 92 1 15 76 24 60 104 26 102 7 44 62 52
50 3 65 6 95 20 80 30 38 98 35 55 10 89 61 47 4 39 41 81 32 59 70 73 16 42
9 84 12 62 25 101 93 102 52 56 22 44 103 76 79 26 7 104 75 33 19 53 66 78 92 28 90 5 15 1
26 9 102 78 33 90 56 104 52 62 7 19 68 92 24 37 75 79 12 84
45 78 22 104 92 75 15 51 100 102 9 90 5 52 7 33 44 24 12 25 1 62
37 99 74 46 11 14 67 9 19 86 88 49 79 71 66 18 75 84 97 48 56 58
79 101 12 75 45 97 72 71 103 100 7 66 15 43 1 53 84 46 87 74 93 29 51 44 24 82 60 9 104 34 76 37
99 60 28 76 74 51 101 82 97 53 103 96 93 15 57 11 100 43 72 34 87 66
35 98 81 3 4 59 55 61 41 32 23 38 39 6 65 95 20 50 73 47 89 80 42 68 10 70 16
34 8 11 63 105 36 67 21 99 17 13 2 91 40 54 57 77 48 69 94 64 85 83
20 3 6 50 18 70 35 61 30 47 39 10 68 4 65 59 89 98 80 42 38 55 81 41 23 73 95 16
1 22 78 52 75 25 100 104 102 15 90 26 5 12 24 92 44 7 62 45 51
11 85 99 40 46 67 83 31 21 28 93 66 54 57 77 29 13 71 49 74 97 82 72 63
59 73 32 55 30 10 23 65 47 39 6 16 68 20 70 61 41 18 95 3 4 81 38 98 80 42 89 50
64 83 105 86 41 31 58 17 2 21 77 85 54 48 69 8 40 67 14 91 88 18
75 99 97 28 9 27 19 71 84 79 14 46 66 58 56 93 25 74 12 78 101 7 86 49
68 89 3 47 80 16 6 55 59 32 30 73 4 35 20 61 39 70 10 98 81 23 95 50 65 42
42 61 59 50 70 47 95 4 81 68 80 32 38 73 98 3 30 6 23 65 35 89
63 74 13 48 21 69 67 64 31 11 54 34 85 94 58 17 8 83 91 99 2 105 77 36 57
55 59 73 88 30 18 58 20 36 23 16 91 8 3 35 32 42 86 89 10
35 10 38 41 68 32 59 98 50 20 65 81 89 95 80 16 4 61 23 70 39 6 55 3 30 73 47
100 71 72 101 12 97 15 44 29 93 74 76 9 46 60 103 66 96 1 87 53 45 28 104 82 51
52 104 87 90 1 60 103 12 62 76 93 33 43 5 96 92 100 26 24 28 51 22 101 15 53 102 82 45
28 51 22 52 82 5 100 104 33 60 53 15 12 43 87 44 96 92 1 90 102 101 26 103 62 76
103 97 12 11 34 28 75 37 53 66 43 84 19 27 71 93 101 79 9 74 56 99 49
23 38 20 73 30 80 95 50 68 56 3 4 61 16 65 32 39 59 35 42 89
94 83 86 54 63 31 58 18 67 69 21 27 49 77 8 64 13 40 88 17 99 14 105 36 85 2 91
74 34 19 66 99 14 54 13 58 79 77 11 85 71 46 86 21 67 93 83 48 37 27 97
4 42 55 23 59 30 80 98 70 89 39 38 47 81 65 35 32 73 6 61 3
29 52 53 100 43 90 60 101 1 93 97 82 12 72 15 45 104 5 103 96 33 44 22 76 102 26 92 28 87
12 51 33 1 104 90 25 15 26 7 22 62 100 92 5 78 102 24 44 45 75
82 103 60 104 97 100 1 87 7 29 102 96 101 72 15 28 43 9 45 84 66 46 76 44 5 12 24 51 75 92 90 93
88 105 13 58 34 77 2 94 31 69 49 11 14 67 99 57 74 64 83 8 21 85 36 48 40 63 17
70 20 38 98 73 50 81 59 30 32 6 61 16 89 41 42 80 23 35 3 65 4 10
27 9 37 25 62 71 75 7 12 46 79 19 47 90 78 18 24 68 84 95
40 99 21 85 34 74 2 54 63 17 82 67 77 64 29 105 83 72 13 11 31 94
2 21 91 41 67 86 85 37 27 83 8 11 49 17 71 18 13 99 36 69 77 105 14 40 88 48 54
6 81 10 32 42 35 23 68 89 39 98 95 3 4 50 61 18 55 65 70 41 30 20 80 47 38 16 73
5 93 96 76 66 1 29 45 104 101 103 22 28 97 87 15 12 9 100 53 51 72 44 82 43
16 35 89 73 47 32 55 98 59 39 80 4 23 42 38 65 3 20 68 50 70 95 30 81 6
25 78 22 75 15 90 56 102 33 26 7 45 92 24 12 5 44 52 84 104 9 1
21 2 64 31 57 40 72 11 74 85 54 17 83 77 13 34 94 48 67 105 99
83 48 105 40 2 31 67 77 69 63 8 21 54 17 36 85 13 57 94 91
61 81 98 23 80 4 59 3 73 16 55 47 39 30 35 50 68 38 42 6 95 32 70 89
72 37 46 74 34 7 27 76 87 43 53 28 12 101 1 103 24 97 71 60 79 84 11 93 19 75 104 49 29 9
69 63 94 36 54 17 99 64 14 88 85 58 83 91 74 27 40 105 86 8 13 49 21 57 11 31 77 34 2 48
18 4 61 80 20 59 16 42 95 89 32 73 30 25 10 35 38 39 47 65 56
86 48 31 36 8 85 67 40 58 83 94 91 64 2 21 77 88 54 105 13 17
39 98 32 80 38 55 3 35 73 42 50 89 61 65 4 23 30 6 81 59
101 103 37 11 9 27 58 28 43 14 84 46 66 74 19 56 99 21 34 79 97 49 93
11 101 57 97 28 87 96 53 29 51 34 63 103 60 93 99 76 43 74 82 66
20 18 55 10 30 80 89 23 41 16 42 61 47 98 70 68 4 81 39 50 95 65 3 35 6 32 59 38
72 40 13 54 46 49 66 27 77 63 99 43 97 29 85 21 67 93 71 57 28 79 34 37 11
26 84 62 24 46 92 37 12 101 53 9 79 56 90 78 1 28 25 93 19 103 66 52 27 102 97 104 7 33
100 93 72 90 66 5 45 15 87 104 29 9 96 103 101 44 53 12 22 51 43 97 92 102 28 24 82 1 60
83 67 69 105 74 86 49 31 85 36 48 11 21 54 34 8 2 91 58 57 64 40 63 14 99 13 88 94 17
24 26 62 9 5 104 12 52 33 75 1 92 101 56 79 37 90 25 7 84 19 102
66 49 56 75 84 74 103 78 46 7 24 93 28 12 101 71 27 19 97 9 37 25 14
38 30 98 65 42 50 6 23 59 55 73 81 3 47 89 16 39 61 32 68 4 95 35 70
30 55 65 80 89 42 6 98 35 50 61 4 23 32 59 39 70 3 38 73
101 44 97 15 60 103 43 76 53 93 96 34 87 72 100 57 29 51 45 28
14 54 2 8 36 105 88 67 48 57 11 64 58 49 85 31 40 69 91 77 13 63 99 21 34 86 17 94
46 27 66 90 1 92 9 79 103 7 104 19 24 62 93 56 12 53 101 97 102 71 78 25 37 75 28
17 49 48 36 21 83 34 99 11 91 31 2 63 14 74 88 105 64 8 40 94 57 77 13 67 58 54 69
48 20 41 69 91 77 67 14 37 2 88 18 83 58 27 49 8 10 36 17
53 66 72 51 28 93 45 96 43 15 104 5 1 103 82 9 44 76 29 12 97 101 100 60
21 85 8 17 58 67 18 27 36 69 83 105 91 14 2 41 86 54 77 48
39 47 30 50 6 59 65 10 70 38 98 55 80 42 18 16 35 61 81 95 23 41 4 32 20 68 73 3
84 62 53 45 44 12 52 75 101 19 92 100 1 104 7 56 25 76 78 26 9 22 33 24 15 103 51 5 102
31 58 64 36 67 83 85 18 17 69 48 105 41 40 14 8 86 2 88 77
5 62 100 33 101 51 52 102 78 24 25 53 7 90 15 22 104 76 84 1 45 9 44 12 26 75 96
97 9 60 76 71 53 1 46 34 75 43 29 37 87 51 12 104 44 101 82 49 15 84 103 28 7 72 74 66 79 24
40 69 64 54 11 13 77 21 8 85 48 99 67 2 83 57 17 63 105 31
35 59 61 56 47 89 80 32 73 10 68 16 42 30 4 65 23 38 39 20 3 18
15 82 53 44 5 72 45 100 76 92 101 102 1 87 60 103 51 104 22 43 29
79 19 66 84 93 49 12 34 15 103 7 104 37 29 53 72 43 1 51 75 28 46 11 76 87 27 101 74 82 9 71 60
4 65 61 59 23 16 35 80 55 73 32 42 10 89 50 39 6 20 81 3 70 38 30
40 58 94 14 57 11 83 74 72 48 34 37 27 17 77 29 2 67 63 46 85 13 21 54 71 49 31
12 52 60 43 87 76 101 104 26 1 5 90 22 92 45 96 103 51 44 29 28 102 15 33 82 53
44 103 87 82 53 5 29 76 19 7 66 1 43 51 15 75 71 37 45 46 96 100 28 102 79 72 84 24 93 92 104 97 78 9 60 12 90
24 76 5 84 33 9 75 104 78 44 15 92 62 101 26 52 45 96 100 25 1 22 53 12 51 7 90
100 97 104 45 7 24 82 75 44 90 5 12 51 60 96 15 46 28 93 29 76 101 66 71 53 43 1 84 72 79 9 87
33 44 25 5 15 103 92 26 75 97 96 52 102 60 7 24 22 28 9 90 53 43 100 101 66 84 76 78 93 12 1 62 51 87 19 45
83 69 63 21 88 85 48 31 64 94 8 40 36 54 67 2 13 91 58 17 77 57
