
4 6 11 22 24 27 34 35 37 53 56 57 59 60 68 77 81 90 92 95 100
8 9 12 13 15 21 23 30 32 33 39 42 43 49 55 64 70 76 78 79 82 91 93 98 99 109 113 118
6 8 11 27 34 39 40 42 45 49 55 62 64 70 71 72 78 82 87 90 92 93 102 109 111 112 113 114
1 5 22 24 37 41 47 51 53 57 59 60 63 68 69 77 81 85 89 95 100 101 104 105
4 17 22 26 41 46 47 51 60 63 66 68 69 75 81 85 89 95 101 103 104 105 108 117
1 3 8 11 24 27 34 35 40 45 56 62 72 78 87 90 92 102 111 112 114
9 15 17 18 19 28 44 46 48 58 65 66 74 75 83 86 97 106 108 110 115
2 3 6 13 34 39 40 42 43 45 49 55 62 64 70 72 76 78 82 87 90 92 98 102 109 111 112 113 114
2 7 13 14 15 17 18 19 23 28 36 43 44 46 48 58 64 65 74 75 76 83 86 97 98 99 103 106 110 113 115
16 20 25 29 31 38 50 52 54 55 61 71 73 80 84 88 93 94 96 107 116 119
1 3 6 24 27 34 35 37 40 56 57 62 72 87 90 92 102 111 112 114
2 14 21 23 25 29 30 32 33 36 39 42 43 49 55 64 67 70 76 78 79 82 91 93 109 113 118
2 8 9 15 17 18 39 41 42 43 44 49 53 64 76 81 82 98 99 103 109 113
9 12 15 23 28 30 33 36 44 48 58 65 74 79 83 86 99 106 110 115 118
2 7 9 13 14 17 18 19 23 28 33 36 43 44 48 58 65 74 75 76 83 86 97 98 99 103 106 110 113 115
10 20 21 25 29 30 31 32 38 50 52 54 55 61 67 70 71 73 80 84 88 91 93 94 96 107 116 119
5 7 9 13 15 18 19 26 28 41 44 46 66 75 83 97 98 99 103 108 117
7 9 13 15 17 19 26 28 41 44 46 48 58 65 66 74 75 83 86 97 98 99 103 106 108 110 117
7 9 15 17 18 28 44 46 48 58 65 66 74 75 83 86 97 99 103 106 108 110 117
10 16 29 31 38 50 52 54 55 61 71 80 84 88 93 94 96 107 116 119
2 12 16 23 25 29 30 31 32 33 36 38 42 43 49 55 67 73 79 80 91 93 118
1 4 5 24 37 41 51 53 57 59 60 63 68 69 77 81 85 89 95 100 101 104 105
2 9 12 14 15 21 28 30 33 36 43 44 48 58 65 67 74 79 83 86 91 99 106 110 115 118
1 4 6 11 22 27 35 37 53 56 57 59 60 68 69 77 81 90 92 95 100
10 12 16 21 29 30 31 32 33 38 50 52 67 73 79 80 84 88 91 93 94 118
5 17 18 41 46 47 51 60 63 66 68 69 75 81 85 89 95 101 103 104 105 108 117
1 3 6 11 24 34 35 37 40 56 57 62 72 87 90 92 102 111 112 114
7 9 14 15 17 18 19 23 44 46 48 58 65 66 74 75 83 86 97 99 103 106 108 110 115
10 12 16 20 21 25 30 31 32 33 38 50 52 55 61 67 73 79 80 84 88 91 93 94 107 116 118 119
2 12 14 16 21 23 25 29 31 32 33 36 38 49 67 73 79 80 91 93 115 118
10 16 20 21 25 29 30 32 33 38 50 52 61 67 73 80 84 88 91 93 94 107 116 118 119
2 12 16 21 25 29 30 31 33 38 39 42 49 52 55 67 70 73 79 80 84 88 91 93 94 118
2 12 14 15 21 23 25 29 30 31 32 36 48 58 67 73 79 83 91 115 118
1 3 6 8 11 27 35 40 45 54 56 62 72 87 90 92 102 111 112 114
1 6 11 24 27 34 37 40 53 56 57 59 62 77 90 92 100 102 111 114
9 12 14 15 21 23 30 33 48 58 65 67 74 79 83 86 106 110 115 118
1 4 11 22 24 27 35 51 53 56 57 59 60 68 69 77 81 89 90 92 95 100
10 16 20 21 25 29 30 31 32 50 52 61 67 73 80 84 88 91 93 94 96 107 116 119
2 3 8 12 13 32 40 42 43 45 49 55 64 70 76 78 82 90 93 98 109 112 113 114
3 6 8 11 27 34 35 39 45 56 62 70 72 78 87 90 92 102 111 112 114
4 5 13 17 18 22 26 44 46 47 51 53 59 60 63 66 68 69 75 81 85 89 95 98 99 101 103 104 105 108 117
2 3 8 12 13 21 32 39 43 45 49 55 64 70 76 78 79 82 90 93 98 109 112 113 114
2 8 9 12 13 15 21 23 39 42 45 49 64 70 76 78 79 82 98 99 109 113 114
7 9 13 14 15 17 18 19 23 28 41 46 48 58 65 66 74 75 76 83 86 97 98 99 103 106 108 110 113 115 117
3 6 8 34 39 40 42 43 49 54 55 62 64 70 71 72 76 78 82 87 90 93 96 102 109 111 112 113 114
5 7 9 17 18 19 26 28 41 44 47 66 75 83 85 97 103 106 108 117
4 5 26 41 46 51 60 63 66 68 69 75 85 89 95 101 104 105 108 117
7 9 14 15 18 19 23 28 33 36 44 58 65 74 83 86 97 106 110 115
2 3 8 12 13 21 30 32 39 42 43 45 55 64 70 76 78 79 82 91 93 98 99 109 113 118
10 16 20 25 29 31 38 52 61 71 73 80 84 88 93 94 96 107 116 119
4 5 22 26 37 41 47 59 60 63 68 69 77 81 85 89 95 100 101 104 105 117
10 16 20 25 29 31 32 38 50 61 67 73 80 84 88 91 93 94 107 116 119
1 4 13 22 24 35 37 41 57 59 60 68 69 77 81 82 85 89 90 95 98 100
10 16 20 34 45 55 61 62 70 71 72 80 84 87 93 94 96 102 107 111 112 116 119
2 3 8 10 12 16 20 21 29 32 39 42 45 49 54 61 70 71 78 80 84 91 93 94 96 107 112 116 119
1 6 11 24 27 34 35 37 40 57 59 62 72 77 87 90 92 100 102 111
1 4 11 22 24 27 35 37 53 56 59 60 68 69 77 81 85 89 90 92 95 100
7 9 14 15 18 19 23 28 33 36 44 48 65 74 79 83 86 99 106 110 115 118
1 4 22 24 35 37 41 51 53 56 57 60 63 68 69 77 81 85 89 92 95 100
1 4 5 22 24 26 37 41 47 51 53 57 59 63 68 69 77 81 85 89 95 100 101 104 105
10 16 20 29 31 38 50 52 54 55 71 73 80 84 88 93 94 96 107 116 119
3 6 8 11 27 34 35 40 45 54 56 70 71 72 78 87 90 92 96 102 111 112 114
4 5 22 26 41 47 51 59 60 68 69 81 85 89 95 101 104 105 108 117
2 3 8 9 12 13 39 42 43 45 49 70 76 78 82 90 98 99 109 113 114
7 9 14 15 18 19 23 28 36 44 48 58 74 75 83 86 97 106 110 115
5 7 17 18 19 26 28 41 44 46 47 75 85 89 97 101 103 104 105 106 108 117
12 16 21 23 25 29 30 31 32 33 36 38 52 73 79 80 88 91 93 94 118
1 4 5 22 24 26 37 41 47 51 53 57 59 60 63 69 77 81 85 89 95 100 101 104 105
4 5 22 24 26 37 41 47 51 53 57 59 60 63 68 77 81 85 89 95 100 101 103 104 105 117
2 3 8 12 16 32 39 40 42 43 45 49 54 55 62 64 71 76 78 80 82 84 91 93 96 109 112 113 114
3 10 16 20 45 50 54 55 61 62 70 72 80 84 87 88 93 94 96 102 107 111 112 116 119
3 6 8 11 27 34 40 45 54 56 62 71 78 87 90 92 96 102 111 112 114
10 16 21 25 29 30 31 32 33 38 50 52 61 67 80 84 88 91 94 118 119
7 9 14 15 18 19 23 28 36 44 48 58 65 75 83 86 97 106 110 115
5 7 9 15 17 18 19 26 28 41 44 46 47 65 66 74 83 86 97 99 103 106 108 110 117
2 8 9 12 13 15 39 42 43 44 45 49 64 70 78 79 82 98 99 109 113 114
1 4 22 24 35 37 51 53 56 57 59 60 68 69 81 85 89 90 92 95 100
2 3 6 8 12 39 40 42 43 45 49 55 62 64 70 72 76 82 87 90 93 98 109 112 113 114
2 12 14 21 23 25 29 30 32 33 36 42 43 49 58 67 76 91 93 113 115 118
10 16 20 21 25 29 30 31 32 38 50 52 54 55 61 67 70 71 73 84 88 91 93 94 96 107 116 118 119
1 4 5 13 22 24 26 37 41 51 53 57 59 60 63 68 69 77 85 89 95 100 101 103 104 105 117
2 3 8 12 13 39 42 43 45 49 53 64 70 76 78 90 98 99 109 113 114
7 9 14 15 17 18 19 23 28 33 36 44 46 48 58 65 74 75 86 97 99 103 106 110 115
10 16 20 25 29 31 32 38 50 52 54 55 61 70 71 73 80 88 91 93 94 96 107 116 119
4 5 22 26 41 46 47 51 53 57 59 60 63 66 68 69 77 81 89 95 100 101 104 105 108 117
7 9 14 15 18 19 23 28 36 44 48 58 65 74 75 83 97 106 110 115
3 6 8 11 27 34 40 45 54 56 62 71 72 78 90 92 96 102 111 112 114
10 16 20 25 29 31 32 38 50 52 61 67 71 73 80 84 93 94 96 107 116 119
4 5 22 26 37 41 47 51 53 57 59 60 63 66 68 69 77 81 85 95 100 101 104 105 108 117
1 3 6 8 11 24 27 34 35 37 39 40 42 45 53 56 57 62 64 72 77 78 82 87 92 100 102 109 111 112 114
2 12 16 21 23 25 29 30 31 32 33 38 49 52 55 67 70 73 79 80 84 93 94 118
1 3 6 8 11 24 27 34 35 37 40 56 57 59 62 72 77 87 90 100 102 111 114
2 3 10 12 16 20 21 25 29 30 31 32 38 39 42 45 49 50 52 54 55 61 67 70 71 78 79 80 84 88 91 94 96 107 112 116 118 119
10 16 20 25 29 31 32 38 50 52 54 55 61 67 71 73 80 84 88 91 93 96 107 116 119
1 4 5 22 24 26 37 41 47 51 53 57 59 60 63 68 69 77 81 85 89 100 101 104 105
10 16 20 38 45 50 54 55 61 62 70 71 72 80 84 87 88 93 94 102 107 112 116 119
7 9 15 17 18 19 28 44 46 48 65 66 74 75 83 86 103 106 108 110 117
2 8 9 13 15 17 18 39 41 42 43 44 49 53 64 76 78 82 99 103 109 113 114
2 9 13 14 15 17 18 19 23 28 41 43 44 49 58 64 75 76 82 83 98 103 109 113
1 4 22 24 35 37 51 53 56 57 59 60 68 69 77 81 85 89 90 92 95
4 5 22 26 41 47 51 60 63 66 68 69 81 85 89 95 104 105 108 117
3 6 8 11 27 34 35 40 45 54 56 62 71 72 87 90 92 96 111 112 114
5 9 13 15 17 18 19 26 28 41 44 46 66 69 75 81 83 97 98 99 108 117
4 5 22 26 41 47 51 60 63 66 68 69 81 85 89 95 101 105 108 117
4 5 22 26 41 47 51 60 63 66 68 69 81 85 89 95 101 104 108 117
7 9 14 15 18 19 23 28 36 44 46 48 58 65 66 74 75 83 86 97 108 110 115
10 16 20 29 31 38 50 52 54 55 61 71 80 84 88 93 94 96 116 119
5 7 17 18 19 26 28 41 44 46 47 63 66 75 85 89 97 101 103 104 105 106 117
2 3 8 12 13 39 42 43 45 49 64 70 76 78 82 90 98 99 113 114
7 9 14 15 18 19 23 28 36 44 48 58 65 74 75 83 86 97 106 115
3 6 8 11 27 34 35 40 45 54 56 62 71 72 87 90 92 102 112 114
3 6 8 11 27 34 39 40 42 45 54 55 62 70 71 72 78 87 90 93 96 102 111 114
2 3 8 9 12 13 15 39 42 43 44 45 49 64 70 76 78 79 82 98 99 109 114
3 6 8 11 27 34 35 39 40 42 43 45 62 64 70 72 76 78 82 87 90 92 98 102 109 111 112 113
7 9 14 15 23 28 30 33 36 44 48 58 65 74 79 83 86 106 110 118
10 16 20 29 31 38 50 52 54 55 61 71 80 84 88 93 94 96 107 119
5 17 18 19 26 41 44 46 47 51 63 66 69 75 81 85 89 97 101 103 104 105 108
2 12 14 21 23 25 29 30 31 32 33 36 49 58 67 73 79 80 91 93 115
10 16 20 29 31 38 50 52 54 55 61 71 73 80 84 88 93 94 96 107 116
