
4 53 59 37 24 60 81 35 95 11 34 92 56 6 22 27 90 68 57 77 100
78 12 21 113 32 33 39 42 49 99 70 8 9 13 79 82 55 98 43 76 93 109 91 23 118 15 64 30
92 55 109 8 39 113 90 78 27 62 111 70 6 71 114 64 45 49 87 42 112 72 34 82 102 11 40 93
63 37 59 85 77 68 101 41 89 51 100 22 1 95 24 69 60 53 57 47 5 104 105 81
63 85 69 95 105 66 108 60 46 17 89 41 101 81 68 22 103 75 47 104 4 117 51 26
1 40 92 87 62 56 34 114 72 102 8 11 35 24 90 45 78 111 3 112 27
106 15 46 44 83 17 74 28 108 18 19 65 58 48 97 75 86 9 66 115 110
45 40 64 72 49 6 13 109 39 114 112 87 113 92 62 76 98 42 2 111 102 70 55 90 43 82 34 78 3
43 64 15 97 46 7 48 86 103 36 75 83 58 18 113 115 74 13 23 44 17 99 19 2 106 65 76 110 14 98 28
107 94 73 84 29 71 16 88 80 50 25 31 96 54 55 93 61 52 119 38 20 116
1 87 56 24 57 6 37 40 102 114 92 3 111 62 27 34 35 90 72 112
30 70 2 14 29 42 32 78 21 113 33 36 67 64 76 23 91 55 43 25 49 118 39 79 93 82 109
9 17 15 43 53 49 109 82 18 99 64 81 103 76 2 98 39 42 8 41 44 113
79 65 15 118 12 106 23 99 74 86 58 9 44 30 48 115 110 83 33 36 28
74 75 17 115 76 58 28 110 43 44 7 2 99 9 19 65 98 83 36 97 48 106 13 103 86 33 18 23 113 14
50 93 73 32 21 119 52 25 67 54 10 88 84 38 71 61 94 70 96 107 30 80 31 116 91 20 55 29
108 66 5 44 98 97 83 28 99 117 18 7 75 103 41 9 19 46 13 26 15
74 7 65 9 86 15 117 13 66 46 99 103 110 106 41 26 44 19 58 28 75 17 108 97 48 83 98
66 117 7 65 110 58 103 97 46 48 9 106 99 17 83 108 75 86 28 44 18 15 74
71 119 31 93 54 88 80 116 55 16 61 50 84 96 10 94 52 107 38 29
91 29 49 43 33 67 73 79 93 12 36 31 25 30 55 16 32 42 23 118 2 38 80
77 100 68 37 85 105 89 95 24 69 101 41 5 59 81 104 63 57 53 60 51 4 1
115 99 2 28 74 21 106 30 79 44 48 86 65 43 83 58 36 67 15 12 33 14 110 9 118 91
81 100 59 4 77 68 92 1 37 35 57 22 53 95 60 69 90 11 27 56 6
118 93 29 21 52 31 16 73 33 91 38 32 50 79 94 10 67 30 12 84 80 88
63 66 75 5 41 46 51 104 95 47 17 103 68 105 81 101 117 60 89 85 18 69 108
1 112 72 40 24 92 34 37 56 6 62 114 3 57 11 111 87 102 90 35
44 83 86 17 74 65 75 9 106 7 23 18 58 110 66 15 46 14 48 103 99 115 108 97 19
55 38 119 73 61 94 67 31 91 33 93 52 25 21 16 116 80 10 84 50 32 12 118 79 107 20 30 88
91 36 38 16 23 67 80 32 2 33 118 29 49 14 12 93 31 79 73 21 25 115
73 32 94 25 80 33 84 116 91 30 29 10 52 88 21 119 107 67 61 38 50 20 16 118 93
79 25 29 52 16 31 88 94 118 38 2 49 70 33 73 55 30 80 12 67 21 93 39 84 42 91
29 118 73 14 23 31 25 48 12 30 58 79 83 115 32 2 67 91 15 36 21
54 92 45 8 111 1 72 40 90 56 112 114 11 62 3 87 102 6 27 35
40 100 6 57 11 53 1 37 77 27 34 111 62 102 92 24 56 90 59 114
23 86 21 67 106 15 83 14 33 118 48 12 115 74 9 30 110 58 79 65
56 57 92 95 11 60 100 81 90 89 35 1 77 24 69 51 59 4 68 53 22 27
67 21 93 20 119 16 73 88 116 80 32 107 61 50 94 30 96 91 10 31 84 29 52 25
90 42 109 98 13 76 43 40 112 49 114 8 2 70 113 82 32 64 12 45 93 78 3 55
111 62 6 3 90 45 112 70 78 11 39 8 92 87 102 114 27 72 56 34 35
85 104 22 13 108 69 101 103 89 75 18 17 66 105 68 26 117 63 59 95 5 4 99 44 51 53 46 60 47 98 81
93 64 79 12 82 78 98 39 113 109 8 21 76 32 70 3 55 112 2 90 114 43 45 49 13
79 114 13 70 9 49 109 99 98 76 42 23 12 78 82 15 64 8 2 45 39 113 21
99 65 106 15 14 115 48 23 9 83 18 19 108 66 28 17 41 113 75 74 97 7 86 46 110 117 98 13 103 76 58
40 54 42 102 64 87 114 6 43 71 82 76 62 55 111 90 70 34 113 39 78 8 3 72 109 49 93 96 112
44 85 18 9 7 97 103 47 106 5 66 28 19 117 83 41 17 75 108 26
117 85 51 69 95 66 104 101 105 5 89 4 26 63 68 60 75 108 46 41
9 33 106 110 44 14 74 115 23 19 65 18 36 7 97 15 86 83 28 58
79 12 2 43 30 8 55 109 91 76 82 32 64 118 45 98 70 13 78 93 21 3 42 39 113 99
73 119 93 20 31 80 25 96 29 61 84 116 16 107 88 38 52 94 10 71
59 5 85 63 77 68 117 89 22 100 104 69 101 41 60 4 26 81 105 37 47 95
93 67 107 119 94 116 50 16 20 80 88 31 91 25 32 73 10 84 61 38 29
98 90 100 22 60 81 85 59 24 82 37 89 41 69 1 68 95 77 4 57 35 13
102 80 93 70 119 94 96 71 111 20 16 10 61 112 72 34 62 87 55 84 116 45 107
42 39 32 12 93 116 45 78 29 2 94 91 107 71 84 49 3 61 16 80 21 8 70 112 10 20 96 119 54
92 111 34 72 35 27 24 40 11 62 90 102 57 59 6 37 1 100 77 87
77 68 59 92 37 60 90 11 22 53 81 69 27 56 4 95 1 85 24 100 89 35
115 86 83 28 65 44 106 14 74 99 36 19 9 110 15 118 33 23 79 7 48 18
95 92 63 60 24 41 81 53 69 85 89 57 51 22 100 4 77 68 35 1 56 37
22 104 53 59 4 85 77 47 105 24 1 100 89 68 5 95 51 41 26 81 101 69 63 37 57
16 38 54 55 96 80 107 73 20 50 116 119 84 10 88 93 52 31 29 71 94
40 11 56 87 72 71 27 111 112 34 96 54 3 45 92 102 78 70 114 35 8 90 6
117 89 81 47 5 108 26 41 22 60 104 4 101 69 68 59 105 95 85 51
98 90 2 70 3 114 45 39 109 99 76 42 9 13 49 43 78 8 113 82 12
18 48 106 7 97 83 58 28 110 15 115 36 74 14 9 23 86 19 75 44
97 105 41 18 28 47 89 104 19 44 26 85 106 7 103 101 75 46 108 17 5 117
25 79 12 93 94 73 29 32 88 118 23 16 30 52 91 38 21 80 33 36 31
85 1 22 100 89 95 41 26 51 57 37 69 47 77 105 53 63 24 60 5 104 101 81 4 59
104 68 105 59 63 5 89 53 100 101 60 117 81 24 41 95 47 103 51 57 37 77 4 22 26 85
109 8 71 43 39 114 82 96 12 84 80 42 2 76 40 55 64 78 54 113 112 32 62 45 93 49 3 91 16
61 3 112 88 119 93 20 111 87 50 72 94 84 10 96 102 107 116 54 55 80 70 16 45 62
90 3 112 40 11 96 71 54 102 92 34 6 27 87 56 78 45 8 62 111 114
25 38 10 118 21 67 29 61 84 33 32 94 88 119 91 31 50 52 16 30 80
86 83 44 48 14 28 23 106 65 36 115 75 9 97 19 58 7 15 110 18
9 28 74 110 44 83 46 19 18 66 47 5 86 108 117 65 26 15 97 41 99 7 103 17 106
2 70 8 45 79 39 98 82 13 114 99 12 49 78 113 43 9 44 42 64 109 15
35 4 90 56 57 95 37 81 92 51 24 68 69 53 22 1 100 60 85 59 89
82 6 42 114 93 2 49 76 8 70 113 90 12 62 72 109 64 55 112 45 43 3 40 98 39 87
67 118 42 25 58 49 32 30 14 29 23 12 36 2 76 93 43 91 115 33 21 113
61 107 31 29 25 21 73 94 71 52 119 38 93 30 96 32 118 70 50 84 91 116 67 88 10 54 55 20 16
77 24 4 100 57 59 68 41 63 51 103 117 5 101 22 53 85 26 37 104 1 69 13 89 105 95 60
13 76 99 42 49 113 78 8 3 45 2 64 12 70 98 53 43 90 109 39 114
36 33 14 7 99 15 75 103 46 106 115 48 17 86 74 110 44 65 97 58 23 9 19 28 18
32 38 70 29 73 116 61 96 107 119 55 54 52 20 91 31 71 88 10 50 25 16 94 93 80
57 60 59 46 81 63 26 108 69 51 100 117 68 77 4 104 89 95 41 105 53 22 5 101 66 47
18 23 14 115 110 19 48 65 75 9 58 15 97 7 44 28 83 36 106 74
102 71 78 62 92 27 40 45 90 114 34 72 112 3 6 11 111 96 8 56 54
10 31 32 52 16 107 71 29 93 119 73 94 61 96 50 116 80 38 84 67 20 25
77 95 101 47 57 104 69 68 26 5 4 60 66 53 108 117 85 37 59 63 100 22 81 105 41 51
27 11 53 35 34 78 77 100 37 40 82 1 72 39 3 62 8 112 102 45 64 92 6 57 87 24 111 56 42 109 114
21 93 32 55 25 23 33 67 52 12 30 79 38 49 94 73 31 29 2 118 70 80 16 84
11 111 59 8 3 1 27 35 62 34 72 77 114 90 57 37 87 40 56 102 100 24 6
112 21 107 71 38 91 116 55 10 80 12 49 32 119 30 2 118 16 45 88 94 61 42 29 52 39 96 25 84 3 67 70 31 50 78 79 54 20
88 107 91 96 32 61 25 31 16 50 80 73 116 67 10 55 38 29 52 119 93 20 71 54 84
4 57 22 47 51 81 100 104 77 59 41 5 60 68 89 37 26 105 63 1 69 101 85 24 53
119 116 71 88 70 107 20 16 84 62 61 112 87 102 80 94 10 50 72 38 55 45 54 93
28 46 75 117 17 15 108 110 106 83 103 9 7 74 18 19 66 44 65 86 48
113 41 64 114 43 2 39 13 82 76 103 18 8 53 42 99 109 17 78 49 44 15 9
64 9 44 15 2 103 58 113 28 14 83 19 43 82 13 23 18 98 49 75 109 41 17 76
90 1 60 51 56 69 4 77 37 53 89 81 92 22 24 57 95 59 85 35 68
26 95 104 68 51 41 85 5 47 66 69 63 22 89 117 81 105 108 60 4
62 11 114 3 45 90 54 56 6 71 96 35 40 112 72 92 34 8 87 111 27
5 83 98 44 13 108 18 69 28 26 19 97 15 66 46 75 117 99 17 81 9 41
63 101 47 5 4 26 60 108 81 69 51 105 22 89 68 85 117 41 66 95
108 85 60 4 63 81 104 22 89 5 117 101 51 66 69 26 41 68 95 47
15 65 36 115 19 108 7 74 48 14 110 44 58 9 23 46 97 18 75 28 86 66 83
61 94 10 16 80 29 116 20 88 96 54 55 31 84 119 50 38 71 93 52
97 66 117 47 5 63 44 28 105 19 26 104 106 41 17 18 89 101 7 103 85 46 75
45 8 64 42 78 39 98 99 76 90 49 70 2 3 12 114 113 82 13 43
15 18 115 19 14 36 97 58 48 7 106 74 65 86 9 75 83 44 23 28
114 54 6 35 34 71 102 3 90 112 27 56 62 11 8 87 72 40 92 45
70 102 34 3 45 90 96 114 55 27 62 8 11 39 71 93 72 40 78 42 111 87 54 6
114 12 49 45 109 8 3 39 78 70 9 43 44 76 13 64 98 15 2 42 82 79 99
39 6 78 70 109 92 40 76 11 102 98 45 64 113 111 35 34 90 112 42 43 27 72 87 62 8 3 82
83 86 79 36 9 118 106 33 48 58 15 14 110 23 65 7 44 28 74 30
119 96 93 94 61 31 107 16 88 50 20 84 80 29 38 10 52 54 71 55
51 103 46 105 5 69 81 66 47 17 19 89 75 41 44 101 104 85 108 26 63 97 18
14 67 29 23 49 2 12 115 91 25 30 73 33 36 58 32 21 93 80 79 31
107 16 94 116 55 54 10 93 84 80 38 20 71 31 50 88 73 29 61 96 52
