119 94 9
9 0 2
9 75 5
9 18 7
9 17 3
7 83 8
31 80 7
31 10 8
31 88 4
31 16 2
15 75 2
15 17 6
15 44 1
111 34 1
16 50 8
16 0 3
16 52 4
16 10 9
12 29 4
12 79 4
49 12 8
29 31 1
29 21 1
29 80 4
29 12 8
61 20 5
73 10 7
73 31 8
45 71 1
45 39 1
45 78 4
93 107 9
93 119 9
93 30 8
93 118 7
93 29 9
66 0 2
66 108 1
91 67 2
91 29 2
33 118 8
33 30 8
3 45 4
99 75 1
38 88 8
38 80 1
38 31 9
103 117 7
103 17 8
71 45 3
2 21 1
2 49 4
75 44 8
75 46 8
75 18 1
75 108 1
107 116 5
107 20 1
107 54 1
19 97 6
20 116 4
20 107 1
116 119 9
117 108 7
23 118 7
54 96 1
79 91 7
79 21 8
21 91 8
44 75 1
78 8 1
28 15 1
96 71 1
10 94 1
0 2 10
0 3 10
2 5 10
2 3 10
1 4 10
3 5 10
119 84 7
25 38 1
25 79 4
29 38 4
91 80 3
38 10 9
88 10 9
88 0 1
2 12 1
2 82 8
2 98 8
2 43 8
17 44 6
107 116 1
107 96 7
76 98 3
76 43 1
42 113 1
42 49 4
21 91 1
40 62 7
64 98 9
64 43 3
52 50 1
52 0 1
0 5 10
0 2 10
0 3 10
1 4 10
15 44 4
111 62 5
113 99 8
87 62 1
87 72 1
38 52 4
43 76 2
76 43 1
0 2 10
3 5 10
98 103 3
