59 1 1
59 35 1
59 37 1
59 41 3
59 51 2
59 53 2
59 57 1
59 60 4
59 63 8
59 68 2
59 69 4
59 77 4
59 81 8
59 85 4
59 89 1
59 95 1
59 100 6
26 5 1
26 17 2
26 41 1
26 46 2
26 47 1
26 51 6
26 60 1
26 63 1
26 66 2
26 75 6
26 81 1
26 85 1
26 89 1
26 101 4
26 103 6
26 104 1
26 105 1
26 108 1
26 117 5
13 9 7
13 15 2
13 17 1
13 39 8
13 41 2
13 49 1
13 53 2
13 64 1
13 76 1
13 82 5
13 98 1
49 55 1
49 30 8
49 2 1
49 113 5
49 78 4
49 64 1
49 8 2
49 82 1
49 70 1
49 93 1
49 91 4
49 118 6
49 109 1
49 76 6
49 42 2
49 12 1
20 10 7
20 38 6
20 50 1
20 52 1
20 54 6
20 55 1
20 61 1
20 71 1
78 3 1
78 8 1
78 42 8
78 43 2
78 45 1
78 49 8
78 55 8
78 62 1
78 64 1
78 72 5
78 76 1
78 82 1
78 109 4
78 112 6
61 71 4
61 73 4
61 84 1
61 88 1
61 93 4
61 94 1
61 107 6
61 116 1
61 119 1
15 2 1
15 13 8
15 14 1
15 17 1
15 23 1
15 28 2
15 33 1
15 36 4
15 43 8
15 44 1
15 48 2
15 58 4
15 65 1
15 74 1
15 76 1
15 86 2
15 97 1
15 99 8
15 103 1
15 106 9
15 113 4
15 115 2
5 17 9
5 60 1
5 66 6
5 89 5
5 104 4
5 105 1
5 108 2
98 2 8
98 9 1
98 53 8
98 64 8
98 103 6
95 1 1
95 4 1
95 5 7
95 22 1
95 24 8
95 37 2
95 47 1
95 51 5
95 59 1
95 60 2
95 63 2
95 68 1
95 69 1
95 105 1
100 1 1
100 4 2
100 22 2
100 35 9
100 59 5
100 60 2
7 9 1
7 15 1
7 17 1
7 18 1
7 28 6
7 58 8
7 74 5
7 75 1
7 83 1
7 97 8
7 106 2
94 10 1
94 31 7
94 32 5
94 38 2
94 50 5
94 52 1
94 67 2
94 73 5
94 80 1
94 116 4
94 119 1
31 52 4
31 67 1
31 73 1
31 84 9
31 93 8
31 107 8
31 118 8
18 9 8
18 17 1
18 28 2
18 41 1
18 46 2
18 66 5
18 74 2
18 83 4
18 99 4
18 103 8
18 108 2
18 117 2
11 1 5
11 27 1
11 40 2
11 72 1
11 87 6
11 90 6
29 10 1
29 30 2
29 31 1
29 32 8
29 79 5
29 116 4
83 9 8
83 14 2
83 15 1
83 23 9
83 28 8
37 1 2
37 24 1
37 57 6
37 92 9
37 95 4
99 2 9
99 9 1
99 13 1
99 17 1
99 98 7
99 113 1
117 5 1
117 46 5
117 75 9
117 97 1
117 103 1
117 104 1
25 16 5
25 29 7
25 31 1
25 32 8
25 0 1
25 52 4
25 118 4
39 2 1
39 3 7
39 8 2
39 42 1
39 45 8
39 55 3
39 64 8
39 76 4
39 90 1
39 93 5
39 109 4
91 2 5
91 21 3
91 31 8
91 32 1
91 70 9
91 79 2
91 80 1
91 118 1
105 4 9
105 5 9
105 69 1
105 81 2
105 89 2
105 101 1
101 47 5
101 89 2
101 104 1
81 1 2
81 4 2
81 5 2
81 13 1
81 22 1
81 24 9
81 51 1
81 53 1
81 63 9
81 68 3
81 69 1
81 95 4
81 100 1
55 16 2
55 39 5
55 70 4
55 71 1
55 80 1
55 93 4
55 94 2
55 96 1
55 107 6
55 119 4
97 18 1
97 108 3
45 39 5
45 55 1
45 70 1
45 71 1
45 87 8
45 102 4
45 111 4
45 112 1
56 57 2
56 72 1
43 2 8
38 25 1
38 29 5
38 32 1
38 88 8
38 91 4
75 17 9
75 18 1
75 41 9
75 44 1
75 46 1
75 83 6
47 63 1
47 101 1
47 105 1
47 117 1
51 4 1
51 5 1
51 89 4
72 92 4
72 34 1
72 0 3
72 87 4
72 6 8
72 71 1
72 111 5
72 112 5
72 102 1
65 7 1
65 48 1
65 83 8
65 86 1
65 106 3
65 115 4
44 18 1
44 58 8
44 83 9
44 97 9
23 0 9
23 36 1
23 58 1
23 0 1
23 79 4
23 118 8
57 4 3
57 59 4
57 68 6
57 77 1
57 90 8
89 51 1
89 66 9
89 68 8
54 16 9
54 62 1
54 71 4
54 87 1
41 26 9
41 66 1
41 81 8
41 85 4
41 98 8
63 101 1
63 105 1
86 7 2
86 15 5
86 48 1
86 106 8
86 110 8
112 3 2
112 42 2
112 45 1
112 87 1
112 111 1
27 6 9
27 34 8
64 109 4
67 23 7
67 30 8
67 31 5
67 32 2
67 33 1
67 0 8
67 73 9
50 31 1
50 52 4
19 7 1
19 9 2
19 15 1
19 18 1
19 28 1
19 44 8
19 75 1
19 110 9
107 55 9
107 71 1
87 111 4
90 34 7
90 87 1
21 0 3
21 30 4
21 43 4
21 67 8
21 79 2
21 118 4
17 18 1
10 16 4
10 55 1
10 61 4
119 0 1
119 80 5
119 84 8
92 34 1
92 35 5
92 56 1
33 79 4
33 83 6
33 118 1
93 55 5
79 14 9
79 21 1
79 30 1
79 43 8
104 51 1
104 63 1
77 4 2
77 22 2
77 53 2
77 57 2
77 69 1
77 100 1
24 37 1
9 43 4
9 99 1
102 34 7
102 111 4
102 112 9
40 87 3
40 92 1
40 112 4
85 69 7
85 117 4
115 74 7
115 86 7
76 15 1
76 64 2
3 39 5
3 78 4
3 82 9
106 110 1
12 91 7
84 55 1
53 68 9
22 53 9
22 95 1
48 115 1
32 42 9
14 58 7
114 62 9
114 90 1
114 92 1
30 21 9
46 66 7
82 98 4
82 113 7
118 36 3
42 93 4
6 35 4
6 92 2
71 96 4
71 102 5
71 112 1
8 3 1
35 53 4
35 56 4
73 25 3
73 31 1
73 38 9
73 67 1
52 10 8
52 73 1
52 50 1
16 93 1
109 64 7
109 98 8
68 81 9
7 10 10
7 8 10
6 10 10
6 7 10
6 8 10
4 10 10
4 7 10
4 8 10
5 7 10
5 6 10
5 8 10
8 10 10
59 77 7
59 100 7
26 41 4
26 117 1
61 16 1
15 19 7
15 28 7
15 44 7
5 17 4
18 19 4
37 1 2
37 24 1
99 2 1
25 118 7
39 42 4
45 3 9
43 2 2
43 64 3
38 80 4
72 0 1
41 98 4
64 13 1
4 60 6
87 0 1
28 44 2
17 9 1
40 72 2
40 87 2
30 118 4
103 13 7
60 68 1
62 87 1
6 10 10
6 8 10
4 7 10
29 32 9
25 118 7
72 0 1
72 40 3
54 0 1
30 25 1
6 8 10
4 10 10
4 7 10
