59 1 1
59 35 1
59 37 1
59 41 3
59 51 2
59 53 2
59 57 1
59 60 4
59 63 8
59 68 2
59 69 4
59 77 4
59 81 8
59 85 4
59 89 1
59 95 1
59 100 6
26 5 1
26 17 2
26 41 1
26 46 2
26 47 1
26 51 6
26 60 1
26 63 1
26 66 2
26 75 6
26 81 1
26 85 1
26 89 1
26 101 4
26 103 6
26 104 1
26 105 1
26 108 1
26 117 5
13 9 7
13 15 2
13 17 1
13 39 8
13 41 2
13 49 1
13 53 2
13 64 1
13 76 1
13 82 5
13 98 1
49 55 1
49 30 8
49 2 1
49 113 5
49 78 4
49 64 1
49 8 2
49 82 1
49 70 1
49 93 1
49 91 4
49 118 6
49 109 1
49 76 6
49 42 2
49 12 1
20 10 7
20 38 6
20 50 1
20 52 1
20 54 6
20 55 1
20 61 1
20 71 1
78 3 1
78 8 1
78 42 8
78 43 2
78 45 1
78 49 8
78 55 8
78 62 1
78 64 1
78 72 5
78 76 1
78 82 1
78 109 4
78 112 6
61 71 4
61 73 4
61 84 1
61 88 1
61 93 4
61 94 1
61 107 6
61 116 1
61 119 1
15 2 1
15 13 8
15 14 1
15 17 1
15 23 1
15 28 2
15 33 1
15 36 4
15 43 8
15 44 1
15 48 2
15 58 4
15 65 1
15 74 1
15 76 1
15 86 2
15 97 1
15 99 8
15 103 1
15 106 9
15 113 4
15 115 2
5 17 9
5 60 1
5 66 6
5 89 5
5 104 4
5 105 1
5 108 2
98 2 8
98 9 1
98 53 8
98 64 8
98 103 6
95 1 1
95 4 1
95 5 7
95 22 1
95 24 8
95 37 2
95 47 1
95 51 5
95 59 1
95 60 2
95 63 2
95 68 1
95 69 1
95 105 1
100 1 1
100 4 2
100 22 2
100 35 9
100 59 5
100 60 2
7 9 1
7 15 1
7 17 1
7 18 1
7 28 6
7 58 8
7 83 1
7 97 8
7 106 2
94 10 1
94 31 7
94 32 5
94 38 2
94 52 1
94 67 2
94 73 5
94 80 1
94 116 4
94 119 1
31 50 4
31 52 4
31 67 1
31 73 1
31 84 9
31 93 8
31 107 8
31 118 8
18 9 8
18 17 1
18 28 2
18 41 1
18 46 2
18 58 3
18 99 3
11 1 5
11 27 1
11 40 2
11 72 1
11 87 6
11 90 6
29 10 1
29 30 2
29 31 1
29 32 8
29 79 5
29 116 4
83 15 1
83 58 1
37 1 2
37 24 1
37 57 6
37 59 6
37 60 1
37 77 1
37 95 4
99 2 1
99 0 1
99 14 5
99 15 2
99 23 1
99 41 8
99 43 5
99 103 9
117 5 1
117 17 9
117 26 1
117 41 8
117 46 1
117 66 1
117 69 8
117 85 7
117 103 5
117 104 1
25 12 8
25 21 5
25 29 1
25 30 6
25 31 1
25 32 2
25 0 1
25 67 9
25 73 1
25 80 7
25 88 8
25 118 8
39 3 5
39 12 9
39 43 1
39 70 9
39 76 1
39 90 1
39 93 8
39 113 8
39 114 4
91 12 2
91 21 1
91 29 7
91 32 1
91 118 3
105 60 1
105 66 2
105 89 2
101 4 2
101 104 1
101 117 7
55 16 8
55 93 8
55 96 6
55 112 2
55 116 2
55 119 4
97 9 8
97 15 7
97 65 8
97 74 3
97 83 7
97 86 5
97 106 1
97 110 3
45 70 4
45 87 6
45 90 5
45 111 1
45 112 8
45 114 5
56 1 7
43 2 1
43 9 3
43 39 9
43 42 1
43 64 1
43 109 2
38 10 1
38 16 1
38 0 3
38 0 2
75 17 1
75 46 1
75 99 1
75 103 2
75 108 2
47 89 1
47 101 4
51 37 8
51 60 8
51 104 4
72 92 8
72 34 1
72 87 9
72 6 5
72 3 5
72 111 1
72 54 9
72 102 4
72 56 2
72 62 1
72 114 3
65 0 2
65 110 5
44 9 1
44 14 1
44 28 3
23 28 6
23 106 4
23 0 1
23 115 1
57 22 1
57 37 1
57 77 7
89 4 8
89 5 2
89 22 2
89 26 1
89 41 1
89 47 2
89 51 2
89 60 2
89 85 1
89 101 7
54 62 1
54 0 8
54 116 8
63 101 5
86 7 1
112 6 7
112 34 7
112 72 7
112 87 7
64 2 9
64 8 7
64 13 1
64 76 4
64 82 4
64 98 1
64 99 4
64 109 1
64 113 4
4 59 1
4 77 6
4 95 1
67 21 1
67 23 2
67 79 6
67 118 8
36 14 1
36 33 1
36 48 1
36 58 4
36 106 4
36 115 8
50 10 1
50 16 1
50 0 1
50 52 4
50 84 8
50 88 1
50 119 8
19 28 1
19 83 1
107 54 8
107 71 1
87 27 2
87 54 1
87 72 1
87 96 9
90 6 8
21 67 4
28 7 1
28 15 1
28 48 9
28 83 4
17 66 4
17 75 7
10 16 4
10 29 2
10 38 1
10 50 1
10 61 4
10 119 6
119 84 1
92 6 1
92 27 9
92 40 1
92 57 7
92 100 7
33 0 1
33 30 2
33 36 6
33 67 6
33 79 4
93 45 5
79 33 9
79 58 2
79 118 1
104 51 5
104 63 1
104 105 1
77 22 7
77 57 7
77 92 1
24 1 1
24 37 1
9 15 1
9 44 1
115 48 7
76 13 1
76 42 2
76 43 1
76 82 8
76 99 9
76 109 4
3 55 2
3 112 1
106 86 3
106 110 4
12 2 1
12 79 1
12 91 4
84 91 9
84 93 1
84 94 1
53 81 7
22 59 1
22 95 3
110 106 7
48 86 7
58 7 1
58 83 4
14 23 1
14 30 3
14 58 1
14 83 2
114 8 1
30 118 1
46 66 1
82 2 7
82 3 1
82 43 9
82 49 2
82 64 1
82 113 2
42 2 1
42 70 8
116 96 1
70 55 1
6 0 1
6 40 4
71 87 1
35 92 4
73 30 1
73 0 1
80 84 9
80 16 1
80 91 9
80 50 8
52 80 3
52 88 2
52 38 1
88 0 1
88 80 7
113 43 2
113 76 1
113 99 9
113 109 3
16 84 1
2 49 1
2 113 1
109 39 1
109 42 9
109 43 9
62 72 4
6 7 10
6 9 10
6 8 10
4 9 10
4 8 10
5 7 10
5 6 10
5 8 10
8 9 10
26 117 1
49 43 7
61 93 9
5 117 4
100 35 3
100 77 1
18 97 6
105 51 3
101 63 1
43 113 1
38 88 1
38 91 7
51 63 7
54 71 4
21 91 4
10 0 1
119 61 1
92 90 1
9 83 4
76 113 4
84 119 1
32 38 1
32 91 4
82 0 1
70 93 1
6 92 1
88 80 1
96 107 1
16 80 4
6 7 10
6 8 10
4 5 10
5 8 10
8 9 10
91 12 1
55 84 2
23 15 8
14 23 8
118 23 8
6 7 10
4 5 10
29 21 1
29 32 4
32 91 4
4 5 10
